1;2.473865;8.647101;1823.432808279;129.742657660
2;2.026820;7.497572;1316.431797413;93.459283288
3;1.646975;6.520843;950.401171825;67.264443837
4;1.324230;5.690938;686.144462088;48.353042122
5;1.050000;4.985786;495.363680924;34.699932141
6;0.816993;4.386634;357.629027034;24.843055342
7;0.619013;3.877548;258.191155086;17.726875489
8;0.450793;3.444989;186.401739015;12.589346042
9;0.307860;3.077453;134.573193634;8.880306001
10;0.186413;2.765166;97.155447909;6.202565598
11;0.083223;2.499822;70.141614413;4.269372975
12;-0.004456;2.274366;50.638910925;2.873707152
13;-0.078955;2.082800;36.558886207;1.866109020
14;-0.142255;1.920032;26.393777755;1.138676374
15;-0.196039;1.781730;19.055052723;0.613509091
16;-0.241739;1.664219;13.756842149;0.234367108
17;-0.280569;1.564372;9.931786002;-0.039352126
18;-0.313562;1.479535;7.170277315;-0.236961637
19;-0.341595;1.407450;5.176599332;-0.379623962
20;-0.365414;1.346201;3.737258611;-0.482617382
21;-0.385653;1.294159;2.698123040;-0.556972041
22;-0.402849;1.249941;1.947916560;-0.610651129
23;-0.417461;1.212369;1.406303149;-0.649403655
24;-0.429876;1.180445;1.015284015;-0.677380096
25;-0.440425;1.153320;0.732986790;-0.697576874
26;-0.449388;1.130273;0.529181614;-0.712157236
27;-0.457003;1.110690;0.382043967;-0.722682927
28;-0.463474;1.094051;0.275817581;-0.730281433
29;-0.468972;1.079913;0.199127181;-0.735766733
30;-0.473644;1.067900;0.143760358;-0.739726467
31;-0.477613;1.057693;0.103788143;-0.742584875
32;-0.480986;1.049021;0.074930105;-0.744648227
33;-0.483852;1.041652;0.054095974;-0.746137629
34;-0.486287;1.035391;0.039054721;-0.747212702
35;-0.488356;1.030071;0.028195652;-0.747988681
36;-0.490114;1.025550;0.020355920;-0.748548753
37;-0.491607;1.021710;0.014696007;-0.748952974
38;-0.492876;1.018446;0.010609818;-0.749244696
39;-0.493955;1.015673;0.007659784;-0.749455214
40;-0.494871;1.013317;0.005530000;-0.749607122
41;-0.495650;1.011315;0.003992397;-0.749716728
42;-0.496311;1.009614;0.002882321;-0.749795802
43;-0.496873;1.008169;0.002080899;-0.749852843
44;-0.497351;1.006941;0.001502310;-0.749893983
45;-0.497756;1.005898;0.001084596;-0.749923651
46;-0.498101;1.005011;0.000783027;-0.749945041
47;-0.498394;1.004258;0.000565308;-0.749960459
48;-0.498643;1.003618;0.000408126;-0.749971569
49;-0.498855;1.003074;0.000294647;-0.749979572
50;-0.499034;1.002612;0.000212721;-0.749985335
51;-0.499187;1.002219;0.000153575;-0.749989483
52;-0.499317;1.001886;0.000110874;-0.749992466
53;-0.499427;1.001602;0.000080046;-0.749994611
54;-0.499521;1.001361;0.000057789;-0.749996152
55;-0.499600;1.001157;0.000041721;-0.749997257
56;-0.499668;1.000983;0.000030121;-0.749998050
57;-0.499725;1.000835;0.000021746;-0.749998617
58;-0.499774;1.000710;0.000015699;-0.749999023
59;-0.499816;1.000603;0.000011334;-0.749999312
60;-0.499851;1.000512;0.000008183;-0.749999518
61;-0.499881;1.000435;0.000005908;-0.749999664
62;-0.499906;1.000370;0.000004265;-0.749999767
63;-0.499928;1.000314;0.000003079;-0.749999840
64;-0.499946;1.000267;0.000002223;-0.749999891
65;-0.499962;1.000227;0.000001605;-0.749999927
66;-0.499975;1.000193;0.000001159;-0.749999951
67;-0.499986;1.000164;0.000000836;-0.749999968
68;-0.499996;1.000139;0.000000604;-0.749999979
69;-0.500004;1.000118;0.000000436;-0.749999987
70;-0.500011;1.000100;0.000000315;-0.749999992
71;-0.500017;1.000085;0.000000227;-0.749999995
72;-0.500022;1.000073;0.000000164;-0.749999996
73;-0.500026;1.000062;0.000000118;-0.749999997
74;-0.500030;1.000052;0.000000086;-0.749999998
75;-0.500033;1.000044;0.000000062;-0.749999998
76;-0.500035;1.000038;0.000000045;-0.749999998
77;-0.500038;1.000032;0.000000032;-0.749999997
78;-0.500039;1.000027;0.000000023;-0.749999997
79;-0.500041;1.000023;0.000000017;-0.749999996
80;-0.500042;1.000020;0.000000012;-0.749999996
81;-0.500043;1.000017;0.000000009;-0.749999996
82;-0.500044;1.000014;0.000000006;-0.749999995
83;-0.500045;1.000012;0.000000005;-0.749999995
84;-0.500046;1.000010;0.000000003;-0.749999994
85;-0.500047;1.000009;0.000000002;-0.749999994
86;-0.500047;1.000007;0.000000002;-0.749999994
87;-0.500048;1.000006;0.000000001;-0.749999994
88;-0.500048;1.000005;0.000000001;-0.749999994
89;-0.500048;1.000005;0.000000001;-0.749999993
90;-0.500048;1.000004;0.000000000;-0.749999993
91;-0.500049;1.000003;0.000000000;-0.749999993
92;-0.500049;1.000003;0.000000000;-0.749999993
93;-0.500049;1.000002;0.000000000;-0.749999993
94;-0.500049;1.000002;0.000000000;-0.749999993
95;-0.500049;1.000002;0.000000000;-0.749999993
96;-0.500049;1.000001;0.000000000;-0.749999993
97;-0.500050;1.000001;0.000000000;-0.749999993
98;-0.500050;1.000001;0.000000000;-0.749999993
99;-0.500050;1.000001;0.000000000;-0.749999993
100;-0.500050;1.000001;0.000000000;-0.749999993
101;-0.500050;1.000001;0.000000000;-0.749999993
102;-0.500050;1.000001;0.000000000;-0.749999993
103;-0.500050;1.000000;0.000000000;-0.749999993
104;-0.500050;1.000000;0.000000000;-0.749999993
105;-0.500050;1.000000;0.000000000;-0.749999993
106;-0.500050;1.000000;0.000000000;-0.749999993
107;-0.500050;1.000000;0.000000000;-0.749999993
108;-0.500050;1.000000;0.000000000;-0.749999993
109;-0.500050;1.000000;0.000000000;-0.749999993
110;-0.500050;1.000000;0.000000000;-0.749999993
111;-0.500050;1.000000;0.000000000;-0.749999993
112;-0.500050;1.000000;0.000000000;-0.749999993
113;-0.500050;1.000000;0.000000000;-0.749999993
114;-0.500050;1.000000;0.000000000;-0.749999993
115;-0.500050;1.000000;0.000000000;-0.749999993
116;-0.500050;1.000000;0.000000000;-0.749999993
117;-0.500050;1.000000;0.000000000;-0.749999993
118;-0.500050;1.000000;0.000000000;-0.749999993
119;-0.500050;1.000000;0.000000000;-0.749999993
120;-0.500050;1.000000;0.000000000;-0.749999993
121;-0.500050;1.000000;0.000000000;-0.749999993
122;-0.500050;1.000000;0.000000000;-0.749999993
123;-0.500050;1.000000;0.000000000;-0.749999993
124;-0.500050;1.000000;0.000000000;-0.749999993
125;-0.500050;1.000000;0.000000000;-0.749999993
126;-0.500050;1.000000;0.000000000;-0.749999993
127;-0.500050;1.000000;0.000000000;-0.749999993
128;-0.500050;1.000000;0.000000000;-0.749999993
129;-0.500050;1.000000;0.000000000;-0.749999993
130;-0.500050;1.000000;0.000000000;-0.749999993
131;-0.500050;1.000000;0.000000000;-0.749999993
132;-0.500050;1.000000;0.000000000;-0.749999993
133;-0.500050;1.000000;0.000000000;-0.749999993
134;-0.500050;1.000000;0.000000000;-0.749999993
135;-0.500050;1.000000;0.000000000;-0.749999993
136;-0.500050;1.000000;0.000000000;-0.749999993
137;-0.500050;1.000000;0.000000000;-0.749999993
138;-0.500050;1.000000;0.000000000;-0.749999993
139;-0.500050;1.000000;0.000000000;-0.749999993
140;-0.500050;1.000000;0.000000000;-0.749999993
141;-0.500050;1.000000;0.000000000;-0.749999993
142;-0.500050;1.000000;0.000000000;-0.749999993
143;-0.500050;1.000000;0.000000000;-0.749999993
144;-0.500050;1.000000;0.000000000;-0.749999993
145;-0.500050;1.000000;0.000000000;-0.749999993
146;-0.500050;1.000000;0.000000000;-0.749999993
147;-0.500050;1.000000;0.000000000;-0.749999993
148;-0.500050;1.000000;0.000000000;-0.749999993
149;-0.500050;1.000000;0.000000000;-0.749999993
150;-0.500050;1.000000;0.000000000;-0.749999993
